17
1546 3180 5756 6376 6438 1061
6157 1458 4438 9090 7609 1904
565 5493 6219 877 3818 1540
824 6099 5752 567 4260 2231
7858 5850 2634 7286 2243 1220
6339 3789 4400 2094 164 838
3155 6320 2296 7593 5410 9904
9496 5975 5397 5714 6851 9214
7253 7675 5313 3005 8241 9572
5235 6098 5422 7868 3384 7664
9088 9722 1452 3488 1816 1616
4325 4970 7936 6620 2562 3345
6524 2058 9319 1920 7772 6170
1134 5025 3844 6446 8029 2085
6018 3263 8183 1440 1131 1566
9104 219 1288 555 3706 3103
2171 8031 8073 106 4651 635