13
160 195 86 97 246 82 79 222 244 180 219 82 115 7 0
1850 1596 332 646 3712 1292 2230 1998 1654 3333 1772 0
558 325 389 66 1009 1157 0
7130 7039 6237 4677 5830 639 164 6041 5303 5534 1549 303 6198 2840 7726 0
7057 7794 11544 14145 9463 0
189 119 43 59 7 41 11 0
206 120 188 226 125 120 135 42 169 145 236 1 130 254 0
7645 9815 13118 723 14258 15337 12777 5426 1698 135 5848 4316 791 4145 0
5898 108 5973 1694 3942 2095 3024 1132 0
146 334 286 38 270 764 651 66 809 518 1024 584 857 107 0
188 321 229 333 244 86 340 105 191 74 236 0
144 16 217 310 159 236 445 28 49 478 433 308 478 0
74 2030 1292 826 1264 158 108 190 499 0