18
55
135301852344706746049
157746928224391288848166646209398119709309377877421438913831561821403137756816516358677493889646559514426042930512520122382975186046524177981948489191386341017093
47068900554068939361891195233676009091941690850
3923892811677015020359893809756397635478575034984185810645229419917883032980568363855269097880889736899565213021775
137347080577163115432025771710279131845700275212767467264610201
57535841731394367586444934959935162731893485882113791734636043664022186311322175066312007025864665068095897804714985049873571833
5193981023518027157495786850488117
7540113804746346429
196418
20318164543175877812732817413986627031026543038993485460328436877553422593761968829621411099648740111127272708264842038852142963712266582163241365346363242536543959341396913936096602060750381379541
4444705723234237498833973519982908519933430818636409166351397897095281987215864
28197781736352815952563206467131172508227658829511523778
19112681530077747993507540208576962440934493522760981347760536080554578992699648659003387440023885153416266764418366526216
276075119498972121378113841488282573748675897900397028699360341995399351640458606953841075408
5104867695441585599646129198394874763979069372338122901969709030921057521006570452530842908208673336523400258809842467982145963437107797526232075655133690089199319901026719139824
413462646668428032346940119724892718502248750418536685577487386752440
19134702400093278081449423917