30
141300103 1988386811
576618155 263541170
1184487344 1134545249
2020386790 1553795461
1807821858 1495745513
1179076840 1812283597
1178216694 1653861867
591915080 2012942837
6122822 1973262853
1423110473 88006654
1015649746 901140472
2019118428 1027795844
110612666 388679118
53970546 134836217
1112281480 213188991
721876446 977744698
129969163 965477558
1623976224 1800702516
1663616862 498348253
111589046 1273666882
1997945171 992902951
510199145 1769403086
824657540 158526440
1237735706 934715861
1992435190 1491848123
1738991022 250456877
788566379 74789317
1125326232 1995652319
410690990 1087442490
1933168246 28100782